4473
8874
3325
7044
6771
1880
4153
6882
9829
9734
1197
7827
6420
7948
8059
7606
8510
1440
4825
5475
4969
2679
5534
3409
4045
1825
9234
1264
8778
5682
2909
1681
7541
8229
1598
2891
1937
4283
3664
8897
2232
9839
9626
1716
1496
8335
9732
9291
2225
3349
4488
8798
8202
9185
9197
3299
7075
6803
5244
1615
2499
8624
2101
6326
9691
9002
2875
5899
9196
8195
2331
5172
2119
6918
8517
8555
7555
8386
3644
4983
9668
8727
3528
9623
3798
8023
9714
8529
4816
6236
3875
2200
4712
9981
6868
4246
9498
5191
7060
3540
6264
1802
7301
7732
1298
4927
4619
4669
8759
2191
2820
1248
2016
9323
4846
3101
9387
1863
2836
1166
7693
8661
5667
7258
5712
1039
3598
1700
6349
5908
9205
4467
9587
9834
8483
5732
7837
8236
8578
7861
4187
4776
3199
5854
7176
1152
2450
7561
1702
9544
6301
2564
5733
8314
2825
2727
6742
6843
1843
4977
2327
3669
1291
6634
2559
3582
1297
6559
7770
4809
6176
2405
7768
2008
7741
5127
3648
7811
4510
9792
6218
3632
2276
7479
4047
8828
5643
4908
3631
4494
1059
5569
3253
1160
1989
3722
8623
5966
2744
2183