27374160
27540793
27471414
27902237
27382783
27794677
27540499
27477008
27562028
27485265
27440157
27796820
27781043
27517574
27449251
27392811
27016238
27817655
27140977
27857958
27180411
27940588
27350395
27806881
27603043
27150462
27908354
27726111
27012073
27229988
27063203
27442625
27546975
27731756
27189347
27885892
27928729
27491818
27562026
27010111
27274095
27018470
27880119
27792184
27418380
27998589
27756103
27144600
27373909
27499707
27334985
27342533
27476952
27947196
27636734
27056956
27119071
27256527
27437222
27470423
27819071
27276525
27184752
27126384
27317325
27553297
27889959
27792863
27846899
27913071
27271706
27227122
27425472
27654665
27950975
27164398
27361439
27359266
27293824
27299226
27279335
27735021
27195192
27760283
27081739
27417531
27464044
27772545
27564263
27496403
27389905
27205885
27688359
27421600
27148404
27331246
27814396
27958965
27262829
27182607
27906898
27557522
27740835
27063063
27209068
27873118
27877672
27778857
27842433
27656890
27780645
27059933
27238026
27713529
27444498
27699987
27393815
27936434
27651072
27849353
27169358
27286199
27616161
27041831
27533988
27672389
27769156
27565502
27640422
27515387
27019092
27795434
27621411
27255230
27424916
27880834
27568034
27100097
27213462
27980642
27283024
27926528
27554350
27532699
27200458
27339700
27814845
27523963
27492223
27097276
27838598
27013372
27622006
27813104
27542066
27885010
27016452
27457079
27635585
27023097
27975997
27011150
27628283
27411096
27257148
27474816
27418525
27919016
27887696
27852857
27222766
27853914
27040568
27440772
27272942
27198997
27090073
27657158
27519615
27863474
27754525
27655509
27894270
27437857
27403340
27578004
27328121
27787749
27653190
27329122
27936364
27009831
27323621
27787453
27973837
27775441
27249827
27267727
27787849
27659906
27755760
27506866
27836386
27126598
27939135
27694082
27865114
27276891
27830249
27881544
27002990
27073959
27734951
27184108
27689273
27809025
27752989
27664684
27100567
27923629
27702800
27703305
27220931
27508094
27663060
27975175
27911455
27066970
27116848
27984215
27337576
27733288
27611637
27624916
27563887
27128842
27800676
27410046
27847129
27047044
27315548
27250661
27974016
27961284
27713358
27404520
27385065
27254915
27458328
27620463
27267470
27978462
27409378
27011326
27973607
27347262
27959569
27024924
27649917
27830276
27929633
27758576
27903502
27298134
27218810
27915282
27285563
27393673
27159330
27863070
27489310
27516534
27278105
27111282
27383492
27438798
27067261
27400531
27129353
27930869
27582883
27870773
27660325
27133525
27435202
27558378
27601544
27806595
27741758
27055684
27118053
27822651
27443405
27168811
27046492
27811570
27923110
27237948
27395172
27117901
27966286
27247723
27347789
27263411
27326707
27370694
27693319
27066699
27265301
27331913
27008106
27737359
27246664
27811447
27661480
27682342
27992377
27764283
27248286
27291616
27787618
27885608
27999018
27295010
27167441
27275053
27023049
27235633
27814630
27045146
27915357
27088784
27231395
27139477
27571496
27717571
27171637
27694318
27618398
27821699
27367943
27610763
27374467
27610270
27007579
27100131
27499115
27267270
27065069
27634719
27837263
27850901
27979236
27935039
27617980
27561549
27680653
27992352
27433335
27197603
27150827
27554449
27385494
27238860
27256188
27764718
27397503
27252934
27454400
27721750
27994402
27660447
27026591
27840020
27877707
27077343
27636219
27994470
27840855
27369263
27652439
27117376
27493778
27833240
27583051
27266121
27289506
27791269
27096540
27193507
27676746
27937396
27432572
27426324
27788339
27869749
27343307
27796562
27624070
27135558
27210041
27260179
27997347
27604806
27732596
27703095
27362120
27977666
27122492
27972290
27901395
27303166
27674832
27031360
27941183
27033885
27673533
27918248
27182604
27366262
27875762
27172321
27169600
27822681
27125566
27110491
27829488
27564096
27249934
27275120
27886160
27196234
27620697
27430116
27628867
27905222
27190949
27797960
27016295
27824850
27430592
27250704
27658912
27780497
27795946
27151953
27147998
27524044
27588660
27843145
27215453
27353373
27654359
27346353
27291745
27685639
27197706
27405779
27699826
27981726
27808892
27369729
27911884
27235135
27016554
27117865
27232843
27015623
27443653
27324129
27813735
27907851
27277438
27563561
27118958
27303481
27958157
27632401
27623310
27313316
27228795
27754644
27395618
27652001
27002533
27249904
27861693
27529926
27488478
27685837
27983761
27345497
27142320
27913858
27713996
27881288
27104360
27678761
27974043
27740533