37 85 13 99
22 59 10 97
18 74 81 34
52 32 20 27
30 26 33 75
36 79 27 51
20 65 65 18
23 23 82 66
46 55 39 44
61 18 91 24
11 49 84 38
28 20 66 60
89 95 62 93
51 25 78 69
14 57 30 55
64 91 83 41
78 15 85 42
56 27 14 77
43 71 84 26
16 21 64 82
34 69 29 11
43 10 64 33
97 73 68 49
62 50 46 59
72 16 99 37
57 36 45 32
58 40 23 99
22 92 35 53
26 30 39 38
11 81 78 63
28 94 43 42
76 58 40 41
17 79 70 19
43 72 28 33
98 25 75 29
71 19 24 63
36 12 23 63
88 27 25 16
75 95 41 86
24 48 74 45
60 85 20 73
63 50 92 34
23 30 44 40
71 34 46 84
92 57 26 54
80 93 10 15
88 46 11 94
39 56 12 89
53 90 61 14
91 71 35 72
90 89 98 36
96 11 98 86
55 57 88 76
67 25 90 70
20 53 15 16
70 67 29 31
81 21 68 99
60 28 72 68
62 61 25 10
82 58 27 45
12 97 83 67
59 77 92 12
40 48 83 47
42 19 35 33
36 73 22 47
95 41 13 24
78 44 86 53
55 52 76 32
22 51 49 50
59 87 15 93
38 66 52 16
52 54 19 29
82 45 42 85
58 80 28 39
75 67 97 37
14 94 26 46
94 40 81 29
77 14 87 34
74 32 65 43
22 17 47 88
87 93 38 24
79 12 35 96
37 15 76 31
47 66 80 38
61 49 13 83
31 19 91 68
86 98 30 64
17 65 31 90
35 50 41 44
51 42 54 13
56 44 80 17
73 87 96 95
18 21 79 21
56 21 32 96
84 70 54 31
13 48 45 33
48 69 62 17
74 89 18 77
37 39 69 60