1004 1006 1005 5385
1009 1002 1003 1007
1008 1006 1006 1007
1000 8045 1007 1004
7615 1007 1002 1007
1003 1004 1000 1005
1004 1002 9062 1009
1006 1007 1000 1006
1002 1002 7877 1000
1009 1005 1006 1008
1005 1004 1007 1005
1008 1001 1004 1005
1009 1001 1008 1002
1003 1005 1007 1004
2311 7458 1006 7503
1008 1002 1000 1009
1009 1009 5497 1005
1003 1009 1009 1000
1000 1001 1005 1001
1005 1007 1003 1001
1006 1008 1006 1003
1005 1006 1007 1007
1008 1005 7889 1000
1000 1008 1002 1001
1000 1002 1004 1005
1009 1003 1005 1003
1004 1005 1003 1008
1002 1001 1008 1003
1009 1009 1004 1003
1004 1000 1003 1003
1005 1002 1003 1009
2549 1002 1007 1001
1006 1007 1005 1001
1008 1004 1000 1007
1001 1003 1005 1009
1000 1001 1002 1000
1006 1008 1008 7328
1009 1003 1000 1008
1008 1000 1003 1005
1004 1000 1001 1001
9395 1004 1000 1007
1004 1008 1002 1009
7920 1008 1003 1005
4201 1007 4758 1004
1006 1009 3004 1005
1005 6086 1009 1008
1008 1003 1000 1003
8213 8397 1001 1001
1001 1009 1004 1000
1003 1000 1008 1009