1, 3, 5, 10, 15, 16, 20, 24, 25, 30

1847
1643
1313
1634
1783
1764
1732
1208
1582
1838
1995
1279
1256
1441
1222
1334
1297
1563
1442
1595
1949
1305
1291
1906
1400
1364
1977
1094
1039
1849
1299
1850
1319
1924
1516
1303
1391
1071
1603
1639
1793
1721
1013
1718
1948
1340
1281
1803
1486
1282
1150
1194
1124
1283
1048
1035
1058
1739
1882
1329
1334
1274
1050
1936
1276
1577
1135
1658
1675
1236
1997
1902
1242
1436
1875
1472
1621
1928
1899
1588
1810
1453
1529
1645
1290
1147
1833
1714
1058
1211
1739
1815
1265
1972
1687
1541
1489
1639
1301
1205