1, 3, 5, 10, 15, 16, 20, 24, 25, 30, 37, 38, 49, 50, 74, 75, 100, 101

129801
177900
108051
170544
146975
154574
104581
110783
192838
150347
105182
114101
106156
148046
189055
142770
188205
132324
154929
175425
153806
194683
142076
136540
173457
188324
113847
121850
164714
119740
108307
187932
135023
157612
188585
113557
126143
162931
195823
127347
131500
171031
145822
161231
128166
192578
118085
183895
120342
138633
176459
121583
123311
185285
137231
194687
108062
108599
108950
137443
117640
194627
194261
133233
166142
128427
192708
176569
137751
165085
161804
158267
101797
168115
167303
199686
194475
137548
178996
176243
134865
186853
136790
124385
119835
116070
119907
111015
154346
148879
120549
177301
187987
134024
131850
183041
178142
131993
145779
141594