3699 2552
3771 3110
3872 3144
3852 2708
3764 2701
3720 3438
3599 2576
3874 3467
3984 2733
3829 3430
3767 3393
3608 3354
3509 3099
3632 3439
3562 2836
3670 3093
3787 3121
3855 3113
3553 2900
3804 2533
3898 2670
3759 2705
3729 3429
3533 2503
3544 2986
3818 3072
3640 2583
3578 2776
3619 3453
3908 3325
3543 3173
3774 3256
3750 3265
3968 2846
3711 2918
3969 3009
3760 2816
3621 2697
3538 2992
3907 3255
3790 2830
3628 2968
3834 2524
3932 3357
3600 3264
3707 2811
3934 2568
3848 2769
3551 2564
3532 2531
3757 2931
3989 3355
3972 2625
3942 3252
3780 2630
3518 3488
3734 3318
3714 2888
3708 2790
3605 3304
3954 2962
3602 3342
3800 2963
3831 3139
3678 3015
3782 2889
3625 3181
3900 3156
3974 2665
3945 2725
3805 3032
3747 2987
3722 3416
3700 3702
3912 3187
3988 3395
3701 3067
3638 2971
3527 3170
3876 3451
3735 3262
3525 3192
3524 3370
3574 2812
3589 2709
3863 2873
3755 2979
3816 2797
3813 3185
3997 2958
3626 3016
3993 3404
3927 2854
3962 2847
3843 2585
3655 3088
3871 2566
3773 2874
3611 3275
3920 3174
3833 2620
3681 2772
3901 3200
3738 2677
3652 2522
3862 2858
3811 2893
3859 2514
3550 2925
3616 3489
3641 3435
4000 2919
3995 2594
3709 2544
3517 2842
3576 2996
3679 3344
3502 2835
3925 2569
3702 3237
3658 2684
3967 2951
3597 3160
3682 3353
3549 3065
3570 3407
3885 2969
3586 3463
3645 3496
3548 2722
3846 2567
3577 2632
3613 3337
3739 3377
3795 2570
3582 3324
3869 2673
3513 3480
3716 3359
3819 2802
3899 2883
3745 2964
3861 2956
3598 2833
3580 3028
3823 2887
3850 3246
3728 2602
3685 2751
3866 3497
3991 3498
3743 3008
3789 3442
3572 2592
3749 2563
3547 2749
3860 3142
3825 2898
3515 3408
3979 3102
3887 3087
3662 2984
3689 2947
3797 2939
3904 2512
3794 3249
3516 2856
3583 2729
3603 2819
3770 2603
3560 3389
3933 2509
3726 3134
3592 2537
3836 3198
3639 2654
3511 2850
3668 2997
3526 3454
3864 3423
3947 2737
3751 3141
3884 3042
3828 2664
3894 2578
3675 2696
3964 2584
3564 3005
3895 2851
3784 2965
3721 2580
3671 3076
3661 3405
3712 2794
3688 2555
3806 3481
3814 2735
3976 1989
3556 2770
3744 2681
3910 2702
3975 3223
3851 3307
3796 2859
3856 2860
3999 2554
3537 3017
3840 3227
3713 3091
3941 3478
3822 3064
3542 2500
3693 2624
3519 3433
3970 3083
3971 2669
3778 3385
3501 3293
3695 3375
3875 2817
3919 3118
3651 3229
3698 2815
3697 2526
3881 2588
3536 2875
3590 2601
3802 2814
3853 3098
3687 2989
3973 3494
3727 2648
3637 2508
3926 3313
3888 2756
3700 3700
3588 2520
3510 2978
3684 3347
3931 2831
3666 2700
3754 3420
3965 2941
3696 2784
3982 2994
3798 3125
3777 3396
3775 2579
3812 3166
3762 3003
3691 2872
3944 3052
3725 2752
3566 2591
3788 3210
10 10
3609 3250
3615 2529
3905 2773
3889 3295
3723 3390
3631 3427
3956 3336
3922 2972
3676 2747
3624 3296
3865 3092
3649 3217
3692 3191
3522 3469
7200 3601
3928 3341
3686 2748
3845 3378
3878 3126
3715 3462
3667 3338
3953 2746
3896 3221
3653 3281
3593 3381
3508 3303
3554 2682
3892 3309
3951 2935
3914 2901
3558 3175
3948 2501
3573 3276
3858 2633
3555 2740
3990 2766
7198 3600
3620 3148
3665 3411
3557 2855
3700 3701
3642 2894
3807 3285
3746 3006
3514 3119
3943 2528
3731 3085
3659 3267
3960 3271
3507 2808
3886 3095
3567 3155
3604 3257
3634 2865
3561 3343
3663 3308
3719 2519
3563 3176
3523 3071
3753 2821
3911 2699
3568 2985
3952 2631
3694 3269
3530 2710
3552 3388
3756 2658
3703 3485
3584 3205
3839 3116
3936 2775
3673 3222
3935 2840
3921 2863
3768 2753
3766 2884
3913 2848
3949 2610
3646 3153
3736 3371
3996 3402
3879 2726
3503 3063
3644 3368
3930 3386
3717 2698
3569 2936
3680 3300
3664 3207
3940 2881
7202 3602
3803 3329
3623 2824
3903 2575
3838 2890
3916 3310
3730 3101
3529 2876
3627 3477
3741 3493
3785 2891
3587 2788
3737 3258
3740 2676
3677 3038
3579 3226
3870 3086
3891 3403
3781 3448
3575 2650
3779 2886
3595 3214
3958 3107
3830 2674
3520 3080
3690 2728
3504 3456
3890 2879
3924 3366
3857 3004
3772 2690
3985 2652
3683 2943
3629 2820
3633 2977
3847 3436
3963 3278
3809 2689
3923 3363
3917 3127
3842 3321
3808 3193
3994 3333
3539 3178
3622 2565
3647 2885
3832 3158
3835 2923
3906 2668
3793 3394
3844 2730
3769 2896
3571 3057
3893 2731
3630 2990
3950 2742
3826 2605
3937 2905
3614 2796
3998 2692
3610 3283
3660 2551
3882 2711
3867 3136
3742 2611
3765 2768
3939 3367
3909 3352
3854 3434
3873 3026
3535 2806
3596 3145
3810 3382
3521 3412
3506 2938
3902 3266
3783 3025
3961 3048
3976 3379
3635 2745
3540 3089
3545 2822
3929 3019
3643 3282
3650 3219
3654 2861
3758 3422
3915 3224
3821 2560
3763 3235
3799 3132
3827 2792
3791 2597
3841 3094
3724 3020
3883 3010
3512 2545
3733 3103
3606 3358
3541 3444
3581 3424
3946 3330
3607 2960
3531 3279
3957 3114
3837 2868
3959 2612
3987 2916
3591 2571
3824 2818
3618 2703
3981 3490
3761 2521
3938 2723
3534 2721
3918 3131
3601 2655
3617 3111
3565 2666
3748 2621
3786 2862
3820 2688
3776 3001
3674 2615
3612 3487
3897 3105
3792 2970
3955 2547
3657 2556
3505 2828
3868 2727
3710 2641
3978 2714
3704 2798
3528 3074
3966 2634
3801 3447
3672 3351
3669 2804
3983 3413
3817 3312
3992 3335
3977 2627
3546 3373
3648 2606
3656 2518
3752 3140
3849 3457
3594 2734
3732 3220
3706 3190
3636 2600
3877 3147
3700 2656
3880 2534
3585 3301