13159121579
22540060603
37381648589
38006163859
40647965671
47070816225
62067466963
62432178655
75747898605
87591504188
98183975499
153764938094
207477289889
253710210531
264967955250
333268370692
415616930202
438598501674
529206602904
584998853951
673075426685
868525074508
1180441472219
1524815466814
1538125070199
1604404498200
1612367272621
1771382902815
1799041161230
1813273628173
1879855777897
1942174945543
1968625027827
2171966739206
2235735840582
2245172146332
2618143690365
2633209456063
2818488777332
2912156508167
2937418624758
3401950458341
3648174422778
3691299898313
3719004395803
3796157120936
4192865577569
4415905000629
4619536970587
4672631572688
4732079475983
4763189176236
4895486651805
5128793852940
5294644874172
5431218889220
5484981116293
5545059970483
5925380216185
5977329031301
6299946667694
6571205682568
6710779859379
6760107121901
6847230451617
6948008448679
7036855566941
7149018593719
7172155571983
7252326624997
7351211591731
7424518797801
7530769688118
7638928109346
7792132750636
7844712923111
8049866763713
8140439699838
8335397823117
8443236074428
8482832282734
8692941718275
8696176609769
8715876261198
8788301747213
8831864540763
9111482154897
9210148184853
9253946218134
9283900874064
9370979428849
9487508816552
9580360353344
9599019354735
9689311675105
9746822551833
9751310612451
9935587949905
9941045094336
9944365403752