99999999999994297348641556991495052174629203618904430069463801000278138920705323788359970673045857209964444756485585953227729026903778505960230214035981838382711659864108928866
99999999999967058992472161417686141390311197435490368460700421887698434004480222383541726989041875923187932875692740514959614754331793054718753397383548285889882926598818902134
99999999999995919999179399104951110525646743518016516492570455667103654438403022674668337007547686176491139925532284794878410392273820536546002388035719741517661270647046810972
89999999999999999999999999481819205244312428416512369089152240499584451651432257310337917957769999976468694467023373349352073201174897198607502451600387405884523248566871227246
29999999999999599999993910637226174402720878106187033671107625168940852079367249239999999221999999995751599999907930793483292698229545182330330976995312228298053899611245897435
23199999999930799999995499462880000121457194008496586302059895740667173806322276669999999999999999999999999999997195769997102026632517487002677544468272039111870663704952927952
79999999999920349499901648075393103816837984060961667455189292363345996599999999999999999999999999999999999999999999999999880129662631581224639027156951485166267073356287216753
44499999954880748657160441390427081184901127987162965601245054265564742859999999999999999999999999999999999999999999999999978317990012799975547071586466142406813642399018821080
91999999923428941965268290498237147730830775097592274075594927798399996999999999999999999993938099994630299999999999999999999497159678091512662350069785844302397794761155974770
59999999949898552547929290638920160815684571913761844670592887999999999999999999996481099999756319999209329999949999999999999999999999638658863918265032198623824650239502368879
99999998238617752455998251282311677505192854983946458420803113076999999999999189999911590312398933425913142969684780999999999999999999851472422240182829379529195817758448409376
99999992819991999937089935392691169157710608337240005601951111747999999999823932837254557208798069398321864766415675999992999999999999997299927556522397582892009356917808122485
99999999999999999508602960532564163372056318495789067007849999999999994999938441079380577649733920294462793161299581599972895499999999999975243839413664030706317069883757514436
99999999999999994767177090889426856257663653198240891873989999999999949787926445019582980220953748844401229075847064381595415499999999999999999974707836410100090228678249549014
99999998819999996977940455055768560827782275806683522932919999999999991893015040635285504363003153076860037506323694802441515999999999999999999956740651430227178835025300323160
99999994114166177859537198665099201224611641534155232566999999999995434313987767313898922790649552151277745290271256602684888049877782999999999928765342107260331099585564726388
99999994721550397937450269013403358847097876759168892999999999999677607090814000941494821123143743592062824858256611939193471893844003499999999965351699591220818323097848243859
99999925380517950692668892347543408278429040710403799999999999997414417174564912876164648121382287540598839839971046512565689391775229699999999993992658833545027721894605918940
99999949505566315994512894389711095541133698347163573999999999672774725005658982371594389757290034634857345644892342306330728971994709999999999999999999969460277339173541551349
99999927023807687002379497801448967854575842778617117999994583469634733915134985174724157921373379773179232362099795508613734313215165999981999999999999990213529972808699657148
99999979994299980128564950161403037020479645270812999999987629481629586963894598780857999930991749913093715794152251462782459107539890469696979999999999993769179111946278444033
99999949999993049581496565569577955664831301485804999999999131390198017440978253957999999999999999991231219680528521011912317079384436621824057999999999958113553675058798312490
99999999999999863847250830416773103266477085744042699999325486350756067487481629999999999999999999999284162759223519788590465986327232674242733999999999693813615998151364412940
99999999999999316999780952293648624043426613325779799991584838628917317529539999999891673479849899999999919737663060979756856172902441212615199999999999856817499677417085950828
99999914899991300612907448188868849892661040934439999999965984988013557059999988815940893359474683939999999942768997803246450778562601827105499999999999999954222453387939552040
99999991111427036935576423876633381845910837413699999999945426372935402519999196535323080534463309793999999992312665523452837243665438353348331981539999999999999835615410216129
99999918647851937990069253153566296248127790740999999999126623110841132999983316615324346736639393329459299999792667108321508578779965587041144934262999999999999963011921648662
99999990119328265140331399257119008863591503708603999999276336239920815999962913129888884114650050875460399899999923708779786616179295677160915671551699999999999969161272748386
99999965734767990253951375816405487583432260188154999999999539172568839999201196888999999999243085635298874549999621272941483748692714119722559503305599999999999593471203593646
99999916992929992865101998181056424538581220016799999999208711510986619992753388888864257199992168110709827999999909654054966092859502367027611892799999999999996649999277736065
99999916999999414832422316870390163958091824741639999999623316208277049991862488888888892119999686561719807993799999149695262691168190148329793997399999999999945671782172378512
99999999999999998898603273288655822501325444069799729999933230685598189998366288888888884887199993633668766946799999745242719733665165320580409273273495899999999999125965271172
99999999999999986307564511133245505596691139661123399999994914342141493999958448888888888802829993530417437816999999927829305712417118333744141696878947939999993099996933677203
99999999299995511494220567875531110878760368822930999999344443304661600499938212888888888553019993019586233080466999895461707709973157004497534352087506779999999899999941712430
99999999974753374509986540813938541011651258077381999999999149867016495099998720223888886190569999025570458939979999995066050437172248832892553778497137680999999999999996793836
99999999923447569816402623070669744994123403669929171239999949896796531683999999999998816289249990477509934934699999991282879902488332772525622166193197252099999999999994027222
99999999918503966995959266343061669340599117310742940899999945648127155300211688888427521089199997097758697819499999975055960092387562368206130827583357499999999999999947349079
49999999995177126998581956503992910745470655686142148899999999907980568880868442396698550521999947677595568369940399991910445724057636348694685314595312999999999999999266326119
79999999995299912995670818908664130456262133461890606762219999946178322968767618865091320499999979189436952399245999999479560480681901287220586879796441499999999999912079184189
28719999999659999999677279340815582781778028480761203253149999999997898483227232567588745999999710148343652007999999999155854004711262837036329035156047399178999999999788971723
38929999999999999999885761313256456126130181462746034269799999999990099392533180487492999999925613346427736771938999949169537466040030520647131637506268289845369999999998286899
87361999999999999992032609634463127830725922409583330081437819499999999494999999599999999992438760465731363199974999964821233974125565354180290982754046156983801999999999930464
56599999999999724737354411388360625353746512540695949178714317399999999999999999999999961792518900481412330894889999999463119127519753202944036020222499703575314699999999999824
16999999999999999986653222792537960507463845815917401682657926144691899989999999999549613549158979644984476849999999999701275871868216756092581468664797716102791599999999999993
01999999999999991300188449118770960360983421380987231883884435659063073611299227112729770604445691230056125121999999994150818186788502066672647978878776127219293899999999999996
42699999999999999398744799539558934644559038936835540926889734523711311642792411637227145743258673235050611978999999021987020809902067188772104486345675942999999999999999999918
06981969999999999998999999999495782195360482439427931447830580094849045105047966774235192847850736502709679999999999336363620007051987606174413682092266203999999999999999999891
62173791999999999999499999999942259251624307856135799263959981387710073029184333449697245327068701768562499999999999420586005690601420844005263826876009378799999999999994995941
74619999750989999999999999999739273356274560400450590937065237542510207598789456070909679447261755636924819999999999157208398822338321665170783553736921299997239999999979310632
43259414193669999999999950121386576955126399502878226271908447697130141748604056712364937714361199835115199999999991400736731646609501221551894006342998159414919999999979143471
85747950864103999999999999116759034932497488223411714094287122166344824768420672802623967326149380629999999999952436347110403626103541922194927365730962737426936999999656999115
20362087331539999999999999091260424998922309493136482199620331484026767431751338013385180211778983999999999999937287835975894546333388418043431381877969132190844999999572891121
82689162691029999999999999999418999999959275980456560958062355551691817240491441917994954301506299671999999999999909772809692912715998670979377743232096205715279999999654999992
47779670187759999999999999999999999999936792378872562180816723060485890640763887646298515139748993596999999999942236479402889039118320000084127742127167557360699999999999999999
96692727918432499999999999999999999999937250689277843123137350421050334985734799203780642499999992699999999991693381951974146762256348185102079650496441348599999999999999999999
54370066055660633691459859999999999999999851789999924601893831893173329962589197932196879463999999999999966915710032062580154151426059197745726273169887629999999999999999999999
02057409005853443999439451999999999999999998099999990598792513618696653364048024999899910027299999999999775508055532898967730806478561840122623627032470992999999999999999999999
26808774665336125423165737799999999999999999999999956657029999982499549959986214189999999999999999999999896637255087201650306185325604639975448760467351128999999999999999999991
96192918371504454833979148299999999983999999999999994142333899992833105899999706599999999999999999999993017724331474826775627397068608956035776124344941799975299999999999994728
29803083935110930708675235899999999993749999999999999999999999999426960999999999999999999999999922161623413045670646032255870844013201529817695790828146891157375999999998779330
16438720491428979899918927919999999699945199999999999999999999999999999999999999999999999999992305741014333752242459399298480210987501676251509271419697328825413629999999993183
57340020387143088659999944823234999097861999999999999999999999999999999999999999999949999999999997174242037434284396614067905696113219104896261042329342283778921591899999999391
20137262412143274398018655427375499947182799999999993589999999999999999999999999999954729999999149064877370495010549634598279005909543171519020835192512238309589945799999999920
79896891211126039720993945547944029537430879999999989954189999999999987199999999993204077604948541600793959507872237786535909890045879069560793681145921721815345605609999999953
98953968455763845488741853916980446711173551999995978312789999999998985707999999999913129137899756631580911024368727771580899265515698789429121692824739204116631899998999999992
39351296772284705920589290420262396793090393827517993144814999999942733583044989349962676185045476204875571606884413022617366645604815429331856155771079999999175299999999999998
18359922403959497240200181686112036656766970173561999919677061442399436268974323803145529217492756307025223194777520504117564385788537155388122693741799999999946799999999999999
05585596385114703966784176978899747187383229622587285477171389076347752753028182757666935546359739030221438914765494253794252155093407306374322763979449999999299999999999999999
66247004325521433565265206366360521405955603180312116091274364553434850294850719147591442739478066479096670512028248931564495156326563222431713654441359999999999999599999999999
89771956254231142164757621184973401828889078794965091471921426632283906122299665372923582796119024593604253502702700125395201412428074225652983445799994919999995969999999999999
89023535962711630654434824585354142346332127846351240171963590809739590004402651962665069889555221360446180279546722560618519168860330841171566239998499519999870815399999999999
47864685572499834465206940088713132557448795830797128428594349383397148631754248471169246344668644697860442221030600493424818574041715413779999359253977322749991063199999999999