1449973341186848658642188267296992158251111697269649233337852737967544899642677447657815927221267645584843258167779813355973252425948826521593198962345391317774239333293421946245227582339582957791835183
3599537688533922757582934981668834111111111118191997316111111111144213956617934792667214713945141311111158892697448162376671486645111111111119276515595311111111967449984335221336376896416781111111111989
8195111111111454862861111111431572211119472111617796461112111111111281557111111433231969859375559114894115565551111113844365422111157791565442942323511141453611116344111117964211111668219111157914111783
2811111111111115678831118987158922111731978381271735825611142548811183876121111137138925177586956138435182882241164818979277341177589423629677977799111727821851139411199636786672911189664119753931685978
4911171844874511132986116727436666241184992267627663726728115773521158887121676114612541419233365143893148126818949313936997711866986758211112899381258353837481181136238643372811114187983911848498872696
8811717418532913113963691115885951931111266884272947465231791153321169967111738364936168567288538118647962222465642913168465513698751111443812871719895756812211715114826189131628534556338957116971295729
7311179394411117731618265817883414346744782669929524445435822187811161583711175167529513773111499111784585145525586718974338811111111515911116391319141111114111778541111111549411831428271375839231977732
8361111111111111176156615538598716838894331796213111111111382285211589585911116261124156179196629352113961343553128411377951581111441111113111638312134948361119385814597417261136884784164811121311627498
1482111111713661675964859211111111154265259116111111111111116649862693592431211477711837661154362649117664729111135871555156985355739341115111212718682693811533914136911331111118456991566111831118867933
1761938673579276925558528911222222114538987711111116776822116729286451111111111111119711389197874319616334751122151755111252414221138711472955195814258112424877895384371117488251637274311826941251669436
6757769814295131118157563112111111111157131111199723722926332134631111112219778211462352881411888425577969111222155963937118539111182511659164237222911181193414855363111821482654921841122981495664138848
2711882576814111111119754712175895963163351114696564894758759161311111412217993432461111234778889479916311111232131894619522911122117113418143465449817661211559113511587672915168565711289199578194167553
4366178658522114571461181411114628143123129111491495311111367413111461512216877547611121283597779332111111141232172876121411112222117414829552168873817827247843117331783381436556159219414157741162117925
4627111116759211138718247326111113451125811511111111119795191929114311212113475581112221164294911111111174811222111111111111112332141111562831546581611699547826111485111156353254521215457111393235114368
6681111111142251341415294651821111958793517397367137128497149491123829111118346111222321552111111187974657112111111111111431312322142114991128582276343111652382184727714917574172784118724116148456123534
5391185353111893969588924288534694666817419434872841111111542743175849111992311122233321181111976681111861111162578746476571112221116311118625293399881671111111191867455247863545796611899211279431918669
8311117221311193585881461111578328461731398519511111111111111591187641111831112223333221111221111111171111112337811114459611222211165551622658711145583281399587314693797271114853576612299951116111844122
3911385181354155346155111211116462511111111113491111931311121777121211635911222322222211111111111122111221282629811983861112232115855721648351112186381174856129187532381114151111266541494172111162862557
2911699783548111641391121111119748112111112119251219712436111249887281137112222221111116154323634111111121111163297481111112332124842863871111222188711111111169613798119818919911196571611963255398428673
2711183133522113287372121152111889121162411216221111639859311178568834111122211111933591781789491146364111112111168388633512222111111111111122222155411165611111689351612961431114669768474734775355814934
4621146991112416418622111715711734121441811216451111197757826668983611122211117616795262172838472846957322511112111145411111111111112211111223221195211545694911363665981431623316996895331699255688772827
8881118111113787914875611163586866111145841113875751111372942468611112221113291218446111111111111111156641888811122111111111964665611112781232211243491874269451617875812178611782551524399329111111116613
4353111117612281227442614111772727912156513164845485853111791996211222111919655311111128994763411911111114266777112222194967865388563969611232117277241118667541192726665139111146546526744661162214211387
9611591356164911111116272471111953911112723739816788186442558951112221138221938115124451754638289514615811112234911122113219771111117468112222134428934773347651951822361111111739751777723614332876811586
5492465747383111111111138232145318959311122593111111111165277411222211189635891931275953278111155855195222118834632112211411179499722611122211111229246464782571477381111447965826382989171817887533111577
4585228514441111934911116882336734992143582117111111111113265112222116977218411555225931111117455398811111121942578711221112267125111112221111482342342363216719619481184978361655934845619313873253733869
3984614197211113671517197989111111111318643361121972221211985112221195291313486535582111221181611611121882471534121861122211166848111222111263676371117768777285699131117111113213911111137155823983199424
3244841756535111991415615811111131111111184828121487121115761122211397694331718955741122221287366138618965431111111853112221642361461111169691535611421191321224529377611111985946189123116296522339182864
9895619996979511118442428532119762974111147726121111141145751223211161111253614484211223321156296664351927961176411561211221119675953119116398127231821311553624116452786945634661973489711729296267847419
2641164169143553411112942598111156524441119534112147711169111233219555111181967791512233322113336957711136611797635626691222211196838811625678537211993361124194389411111988872913857136112787876111111151
3938155419238555875799363492711119267425664277811117611215512233215861749571815469512233332211111111111625711847721521391123222111111111114437884372176474191797571195271116221919213341157358651454161157
4611177291118429497149115158496511111116352861471198811426512333215159252837273565911223333222222222221394711162799656325123332222222222211171914366612567113459119718618111185593915873819994716723921186
5881175681219546931111118415928973344578214445128453711484812333215561115679646149731122223333333222111111111274411185974123322222222211111783441139243775617785113419218811163151313911992869575861311154
8341112781213942911112394198699578421631117877585582511713612222211111111111122657496111122222222211111112214833118111777123321111111113191765412515392372118543539171131111337162714889713971825345718122
3891168341115116111445917515479341111111211111118997441533112211113468867411116542344153111221111118741312211161878511689123321196277217613839981536138676116945115986111121548247441111111522524928878296
9561184311194341114763871185821111222222222222111195686427612115559327137583111135921573161111184978841112221513737511519123321147483397411111111114111665176125144995722691947111111358111119697441644264
2512115111451474111583111524511222222111111122222111617292711114411147419659651111416524935491194111116212221195485411715123322151414883951821464111986111195319862313977891926116728831794118114369411361
1235711116568489911111169144112222111119669111122221111311118731111195113595727611111491884629987117492911111494219911544123332111435316512153198916161124134887111111113388151145879715251117899111112751
7768851623719291824289593521122221155671722685111122211112211111116991113362163253111117524239318736111111511187724113538123432221175317825548551611114129182111111338711162741498581121111625321158111914
2355177267118376745349177511223211427211111127451111122222212964453174118111193293641111111111111111111117211212911125345123433322111659471294691167696473768119976162641146691168641111726278861138441147
4399692961126611611798143111233218485163466196197956111122211779788733117754738371713471221111111111144651112971211749831123332222211283456111115389862953453117593478111849741628954124544967418939131164
4392591471868111287899533511223212931838345185951144265111111111964414418655915118434111211482396591312291111864118522111222222111111117626714644761911143589119251811197794365583621111111179896734611745
1317844311424211896216463611122211567221111111165452525328268755644516142148754411111121113269186478468111117381121944112232111121245571712594321111112111568711445841669581962368911111411111983624748257
3456924411511111312194366945112221161631122222111177895841991831159516488411111111221111129673953323888361191311285472112332163938422911111111184532122221117743116745721926522791111798133114948444278214
8431613211112112691184671651711222111542111122222111114535172933958916111111122222111339164684325791681231187512256942122332152183537111173551126693123322211151211183341111111137414965111132158721971595
8751914795111166381111621993541112211155469111122222111111111111111111122222222332176669982121111187425341511929184111123332111715861114623411323681123333222114611352111111111116711341814857436611164913
3418611779338866631571111217511311111111167873111112222222222222222221111111112232111111111111119612545811142343275112223432111268935163264114626911223333332211548691185584181118821113552435461118111568
4414951147722863961414511219563237441111111571381611111111222111111111458292611222222222221111925118111116171183973122333332221331189814691111514112222222333221128111639258911113578241111351111167841162
3548271149285598261166111151131878474846732471728238951831111174951272112431731123333222111613777811118911178657511122222222221769136121115187361122221112343322119411759113111194328828482821318256931424
3626619117644115371111111111111111364517693366817285863852779711111111794754569123322211147677181114621611831294112211111111111195718511184884211222211312333332215311363191159748971111119687732716411643
5812475115387811615111185931111111111854911111119298149426164377571711217876321122221114869653111785811141452211122116833188755863358153753784112222119612222223212291394915453611111111111499381313945145
4716598111925851182126825711951641116837811111111774343351242516331114167941111222111821726811837561119265789112211156226497982232832214862311122211191312111123211667498681587111111681561976312235251631
7811831111359853114895618116496511134486211245411364112511114279781197851111222111155921621112432112432147371122114877141111111185844761431112222117515411164123221965619283511111591156127794378331977963
3581142116628113118828244151311712198497141731171113731117624716115994111222211132931625245192811183719795111211181251544841111841787351111222211149568111479123321145656678391119123929782576323111178184
8647311141511113116441561699718411179625527198794544111891689411493211122221112638321119133777114321182971122112971111311112668622761111222221112121181116628123321581814211127111168998265972211151111833
7748848415588911119113991468972111637111111524651951118637591187711112222111825834626111117351671117365111221171313763519138619111111222221111941111171118422123321585961112158661111111114489115237561153
8695811671544121869273151837611159483111111452888521126911113259111222211195482686926312219191111576211122221526764883774111111122222221111344871295711161391123321599311122119282576837728285111654891193
5181996784977422167986864456855361361129411161395751193111657721122221112787834737216112117688779243112222221111111111111122222222211111296319119618111197751223321181112222215319934786832924127841311164
1115122597517926261165934331253719761529112154246849111183155211222211955727141352454121191781991211111111222222222222222222211111114712818371152841111454691233321111222333211861311111116914813611751111
9563911857191412414421587276812574811653912115247821783533761112221111894418512573111111768729111111226891222222222211111111111798333212311119653111118814711234322222222223221548111778781445698949111718
4173111448186148219941111111111682619955911124436818899328811222211354251194365831121113178611118166736111221111111119915777285214427279372665321111581827112234333222111123321117114641211142657941663964
7886141182119164711562121814581167626565711922813621463134112222116727115511517251111575881111152344111111111544372911295426111111111837463412111113443611122333322211189123322144113138129823731112223943
4517261132123116991134895724261125664974613663137611179151122221187881164114191711149673911195342111111112377328568288331111111111111113412111112265221112223322221111824123332116111819922784949181757588
9311151168116513471161173383511745198314331711158994145511222211488811629211273112867211111387311121118535342357214111766643123222712219221112552817111222333221111697793123432195611117625152131511117912
5881911321115114479111391551115365759175576711717816197612232117975112118112261118121311117983111111198257771135421111676685579885412112571826643441111112332211149644364123432118581989352348698117811456
8788117731811116792799111111463731196514718711629851136112322118911137611111111397778911183161121141812969311299611159844312368399111188935976144111111212322114312711131123432161492843322951672125311816
4733254129711126253188893751611771623511768911593141274122321121731865111695328811149111966611211447271133313259113464358292991111116414541128411115174112221153114821186123432159544781111119914187391599
1178637633627573433859733136614211112781155611691213739123321982312779114334995445742111611112217716115378112651185617986531111111881261581722111132861122211114115181162123332185571118968271121316791498
9779153444857916816561111846515111176191859111111189591123321682961362115623133211451111564122115523113831138111531791311111111167145428598711111152411222117632311581145123322174611238153451158852449973
1371343214439213571734355511193111593111745228815729731223321316479513115935797111211214411122157921159221879111459146424675741191993151311111942866112221194384311151361123321144118795335911153644174343
3711466117128337111173449731521671111145139942791852871233321487857996111431541115411215561222155711552911336812697411646645131113111111111124468411122211687831112111721223221241116467691116262679438536
8161921192856241111111132211622826212141753817834229121234321918111119511197111189751217471122115751161211967913586551951351511111111111111612249112222111169977111111561233211481815191277333419111111883
6791111126111937151951111119744883577459725179179142821234321475261113641111114241631114135122112625112821139814724915176121111761383564911154991122221152173311111716911232214978511169956936111112911762
7298462542616951156716419829363339614259461151311239721233321866288116767946151223288118954112216823811717151714931111111111163862291111183242111222111885131911338822212232115524351112619411239749111712
8112328721111323144413337154195141653959211137911629161223321159611111849333555114889111552811211766791111151717921111111543734178118186753911122221145331517911124451112322138193996736374115127151634942
9245931141171281186661169315519741114619139112951159191123321461111113211111111111637111179561121148329811147311286514254683217692154216151112222111582718689461115551122221136661114644841174285615753329
6849321211136911318645119251143761111912158611111178451123321187116185811915111187836941115449112115638362235111189786111111775332456216111222211111414836811111185311222211931111111161711741644523411189
2411111465111111446396313568161711167726963587425181484123322137111518212537796497186375111494511111114318498591427111118871165333424111122221113148626168119163986112222114651117198119211454598711717197
1112463562917994438612311655711111711191662293484241215122332118211122291625884815112238461111416122211113117578694163183971591871111122222111918831183253479711781122221128691166469211231111111186595268
7114414577223294517238319473876882286148111179111117988112222211611166111537114422111646134711111123222211111329153554716341111111222222111124711458711166632958111222211617578129457211214261631224111483
1138428496793734178949118591552863561528142553477281112311122221634183857756911331911138153716111122222222221111111111111111222222222111113258638834811118833531122221119535631112816711116228392211171683
1111373711566111135611116646464863111793245629635294114339112221135432798675911133271111346171338111111122222222222222222222222111111189315149111185711457939111222111655376417116112691183859198819191164
9252398115115776111116258457583719131113893655481111128116611222111768116582111111283111119551989469825111111111112221112111111161451595238811111165911171811122222163948558111113431111115999217199171192
7123281677412254411499278118985991276111111111111169623917641122221126111198496111115799116751311117711985699885111111211124786782949838811111115354116481112222211133424111111541378311991582776221251192
6862861578289181763435351344518615674214373169276391939895699112222111122111219251111111115193519381111111111996848819418311111114572611112111887751646111222221118726111847115521197133473281869511541492
4199781199773181118397861174691197763789111579336272556419247511122222222221111538252111132358948971532661221939511111111111836747211112211172549122111122222111953811492791182468228127491231153973411363
5381324113215612846887973111117867194692311818419111113711116771111222333322221111911334165466511111111111111322161411111154386811112211112684521111122222211169963125214892275818658781399629134961197757
9596135311158489573937418951739458711111111148451841431111842511871112222333322221111198999176897721111111659157535896977511111112222214642911111222222221115791711236879453822776111111196697111111568221
2675111557433349891111111827351936199142611351793184358427372916566611112234333322222111111125975178474659382527189511111111222222333211111112222232211111586974111111157357798111112925386859965472861168
1862811342116796111415251918216475319121847938895886193543735329941823611234444333332222222111111111111111111111111112222222233333343222222222333332119613426329356638818489911116517524961719866211111552
7555571176425386641153897163111145516222433246451541167914268153799462971233333333333333332222222222222222222222222222333333333333333333333333333332179192134875284547996512221116311911115539627112651763
9344711168156361623111174721414194611111111111111111111111111111111111111222222222222222222222222222222222222222222222222222222222222222222222222222111111111111111111111159441111111113321468611114721691
9165461198195743142418111111444373217734911111111111111111111111111111111111111111111111111111111111111111111111111111111111111111111111111111111111111111111111111113111627366387551434344531621142939436
3991721773158397416785425981148813167155393619647741173479888472212142375612669957649419455583189642977738193624898381848352321374784523275814326433665763491482116376145142549715191111111112311197779823
1798117128711385193911879111824598222511481529161111111186637311118667914899571111529781566611111397531949421132214331781111169728779773111524159422759111111114215658111111186547411614192211268144791527
3368769519811111111967971113379514296551118878116119111119611162311111161411111111111695531186346111611422564117829258111111111169143111111111136185311111129311863171131661115117114941659741144116461511
5444579777394441142742494971111188248183931821564778411117113128331139181159981318121591611857315111221615379388117931148241751114361126559917113916311172112565899466382891111841114972795111749972297899
1626813257524425812311118355117961114463611831967177111836111361111971787647721711111191113147472186359831958145118791171113759415661742354455127891116391925223858777249134612981611119514759514325975627
4361178437184697961142289111177811118357114357654865122861531111938216976788111111423821538633943621523565118776311911119771721256131276514576251159114164211139572236879815612837951127963571151338563789
6541662421116742213261131611497933621181197981432318786861955558762423866315413723172659621383378211111119831169168841171312443187948584111961182292357711179193249614991514357346594138554519199111115414
3611359193881771197283411851938515776598889957238879351232871628646953676254844553444652444745813113724611628243467977366931175123162389321111179373114513487127811477111385112397573115544988531196711158
8761982187534181311991731817684111111169956897425511111111184541187111111548942126178151111111561192185761376658137883384177786181284611229944911118578111612576589111941115411882166811484214342244711856
6961411861887164715692411268537975981322111179264916681842111433113812771114462511783341654711886414792763154117779233868134841149577138236698538118639116246653929511151191449115446721653771154487511788
8951179871251669251147112556385824482227581195872722185382112512421185141119493839117283291112914549696641286191311174161536815114396182785541111113896411118115224831111151166111476911997534112481116333
9987111111119392418111162358885111111111122838228441111111735666853111111142326159761111111237577521258849663138111111111561311381111168743448162874325811111113565629677916432171811742688985311111115716