1344969792686677635765114862927
5421341693138357828432115834255
2297327519698664961697231142988
3154538692347179292614391434647
1953891631696638512481482193357
1651456856167983122658237226832
1593929142221265842935342969281
4841938631917412171512645527854
1414477323216862521899268276829
9479112614889726684826169549527
8368415587511424951811521944726
9889488511791512392955367669466
5827914669582473416451579919635
3166234947124492882155279331664
8298261989521187338236325852722
935574922443564@341624261428294
1455918429352197516667843668291
5921435417692125866211795363669
3179743976529777387974939486795
2361229716822162482729152825533
1458277468199521263995988245759
8985122459697292314964957846762
3424353967521186293868832721222
8272562676111551475172257556214
3849996791133121332643614552729
3243738877833858553264958589722
8935119719313632936488953447628
6989346179923699442151373885393
1831133255862675187572219155858
1182116786172918761971388585484
2125819636637446844549247618383