33146536464584185138748284778684776643357663545446683253437647118322175117826415443655188862427644352
52621126533361645217661715656651641453413535718325565258817887252612572236167267345662566132773155235
46426354362752435861117345753636785875525836332314588414733746487667337523224266712368228486515316644
53671162534831626245656633435217134328514252646167831453261513515322551174778456474446821425146485111
23558817457225816165658784411468822438646878634725526564741381521737418738487674676537524462437215112
17888567741571546576725821576615873158464323847613765546435337658185821582683667851156623168128658811
56721776672742522226118426125252622132631212373861318717877116811242232716371546653536825756524717343
56867221538563137855625713515785277785831655166355483568218378774532335641261538567848155623561323567
76821164366664288127538383327832246588625585885478463752457542134215621458385372814725414563252841482
62278376533367354214552156236215238731745828635171475364132224338827786443343662853828172563743174156
55247315434725736764652284672211248247726713426463274753741661683658628735573643818325321252118753775
42548187176511465273843475652742785431716759967968566849677711762282531265838275467575517684856848114
25316222145276881524255775776422374784799658648446955949899844973835722863712768368453551615845637427
26546837742422272318331265518526357748784944477847765499595994944635476131842143343265867223178637324
37678123673388662187321563233273669885874745849748747774478749797475786273127181577324481484368416474
55752555776627251128454444818152994689985989685485566859858656577897945356322635234135133121121274718
36621632363317273838256655581147655747584597785599559999488877649445877624646844167735781148367524424
46346727242377781723141228546579955985645844595569667997986858746966486857855382714435145815525225155
41561746524651376718731367177444895976889687898668977496656598485469449455984473427327386167445787347
32838221858651664384573741778779659685887586557687766697456877444767776964661467435423846881814716624
62431754714878663362445285879649787874767774477749546869557746996977858866999552217535213867866781781
52271825781631277413732559558784667659988856789849449487477844987448957779765841635233383828236277228
31867635435243171248379774694798846568447499559799669985546748498464679854657679732346544526626287524
45283732483133585641394475546786487845576457645684966978496869887565784467566785456412776737887861488
84171113218354871528156475697995565498597765644548447678559976675699484765684846622731787247258527424
44143641527528378747854554694574496688878548555767545954754898645777785875446559843221842734844433743
81144864473514848774475655465777888848864995766785598578679845578444579664879665747568562232421376213
27142315664537617176746785446589758694666547854578566975445856948554994459586985556861424658284338871
22151418676173741975796967595499477966745878998777845958677688744647946668869958849763558553156583185
54248788684588435797859984864796746559494945786957644654975686967786699996595994878841247367341735412
75215853522841725459849864595686484496475558566745985954987679666878499744786747797964861556757223214
21121583385455467659684854787975774448889566547876747655689595595598984468965466546558858227647671817
17477754382734577485579958676688946769597886568479574745677977698684847744886454649467655636512662131
22586478353451699886745678899786674854768886875867876758447689864684786467977878984886732377331346113
88671177727815574595964765555878498694585556759897868849654986476496758984687859767679952544843363734
15382175416787587566469797576475759995574465776855896658577666867685688667999847465479895651773412658
71665611615824546867679948966664567558987659858667886455599798464896549555965868779887647253275458177
76467155881434857769547774848676756849874977847776874499574676679869685654949757454858494746337372244
63123154271524487644568674975897447597696459588868884554469897947954868855767796847774595141762746885
21242315231597868777598557968898558976676478596464449679487467978965989557956657599644685415468843412
65664165271564957584658676878967557697757546495445887457647974874979744599489598997754856437556448753
58457577831355874576468778969749556477896469749646675577676765967857897588956765794976758658638216431
71274523833166585548949556995585947578499698975748999789554866766979956868864696694469768818672847873
63244326471649976866947949699999994949864475746799658788584446749877679498949587868464957991181844324
51354243624748459467887664447989869484844865868644447494546558765864657446759958598466898978668452341
48742563847894646445988965458778575797866649568487644595475958689884968684469695869449854455465326346
14542742561675946445646459579879557997449445979779498945844666579968599456685945468958669668475147472
41572433831545588749768465675965986745679975598697868459558885974764645975984587585755687794363321532
42777477471545896545647465448774744557556797674684764858684875748956699999467575579488745588478813487
18372236726865789488985594457655548777985547444897888768476697894869587957684865576674465575811454326
22854272115884568695985589756747744476756745986466@45867987695585797878694845577685979966572225243423
56545725675554658565998974759484476874456776685686646998748987556767564964844966765496544777772636414
67781542212648746484749655974695559998676996598485769885497644746888984548574888674786647852361763318
13581241562796547757876489778454998544764858787765655455569855778765989655667466855895945696422224436
74253611381854854777759466648796494969857555778478446665894864858689677797996856585466646947673786584
77538154667547459746556849879696888784855868974789468859868994478456576678846599559769888594253836573
12848667515558694667874954555455666664968778967649999874445885774968695649769479598876588978513714417
63241654736899566564698768848549675978569768945779897864995564559999687675848884544957685542382881147
75381537632564479964789674999467855957896546469798946757546787675547947687749575898974996763123177457
31618565563345895964887665954699587989459889748657866585955577887874764588499577976778947466226862288
32146758736774798654695489986957978748756946954779466985996747599844585975865775565785498682275772557
46218516511258674997864784847778567454987545654859979647747469848858475866796789587747448582374553453
14555562165576858859648555567685576947886649584547648874748459658699795595466746696486846915538358148
35311435416319477778655686986657594888568465849545468575597569586446944888775945446968446485225333575
87235782516148875878545888777985547444668875966684559976758596799649565497989595875955676742615486843
13628221184185948466868749976666769965898476998767675447886574588648764499979697675878768128278723564
55383811823331995876577888945889847849464945766775448994775449968978557764884485655698693773642813674
44367476775148597459487588458694867756876779467959447499557877688957699989865546555856463276637583718
27421628858616376846466854474988845877896695779986888599459555445754995986449778986767522742561715434
44518586617286899649864845588848785788745758795987686498496489895859798757797699484997458688435865538
15528133181322368686987849466748888599878564658977675769969454875588889598555474464787516455355872335
34262837537466485449945954585858698655959965984795897886894746987996974956767886469546724441572565425
77347173651568758855965444479468875655597776684595759456788448867764488669664488866947118384764348435
57684854122767344657878786978545968588798757554955754968959599645895474756458546696463514737635776685
34148872132458563195455559767896759796488956979788758884877775799758994648498766487421471128483243637
48726875671365575635756778568768465776456676657755975996976796599597988866587888598262665215875731681
23863241551614138217864997744757684678889987687578479998877958847784688646459968596246738686884835453
38433571863476738158797445856956494767445677757989586557978654695647587778588887867226352132445175571
34376261848673162153665765856856769745754566795989788879969854756544579874577785972372452114488847115
32331475863114781526236769779948486474769788589457657585776776745465448688776557852735246551467326477
12563624376426172265268888564684595746679659789499465495448868988676755584559452368241257377516115882
45758514614434261838114878545797799864985654979468499548977548448747658594595813242872583831245435451
42588317824222526184867587597558764884656676957866989545899464446974969687661714256268883375847511575
82764517711651331322446621758765655794445484599758666678544886966764889994742527455567364664426423687
47778252332457641373686832778458746794784745898489874557579587548987698759764867166776123782818613264
12816622834424668423356245772448849499848886748779845494476749677984658846255345426652222633663713274
73562418712644543463667578758173846669964669558996677594759769845766767323383684222678616513353553352
27734623231384272526366647124313148597485596598578464474668689799889554844844267624361886728585226413
28267757455487416624447721272214647866674655879759655557698874664618488646836378233614644761163274643
38146488833524562753817424625345143523599594978568454484965954775576184621666462627782271167158656134
82455357543182816147125451663735284738434577644555749985777654411813671582438872514176728163813377323
26677688536264544324415417827413418353477186783864372452215412188375641875615463627233617512445736411
48112343234327358723534233338288253271866726558847538237334857188152574773257147122478353443426451777
17355555852182711668538758211686841514753565563414138755314782384863181317484188158568255115175618768
52214653266612752888341687117221263873441211216464327645717235124381173188467821754224367657785213773
75647771876681117214688468474357611156457348615481525546552231383811648867536757736521488812425117564
58676251173538267731814281654823164682234825715116626126511422466164631683233125737174484844431526618
31826664635823445766437785555864215768421236766588523127824363242355583257267452145725826551141536283
53224541186877556755436875523353865721167882638468152462834273831738557672166723374224853465465376542
43522626714136422627687368168414645347268186263157357417182471583566838684372882761637118843288144154
22126481178742732318126475486132387611218127626376878754684351533535238226661748153231551734424473133