5644875467568777774446675746575567866546758455756737374747637674543477575766373435465743473773775575435858587467567586554766674565668487788775755746558
5777874745774647588464787575645555678877888875665667466455766665375753364354657735657633534456554767463366768575685677477867664646875578488777548475458
7454584484854645565764568464477568444576768846734566557337654665676635343357677764667755647654356777763645584846886686888876775447877854875755655664757
7776475484886447678488876467868775766686485436743745574555353736545746773553765437375745535467464776734634567574676865758466575448548588847686656446786
5877856647846478878647545475754886788466664365757744655643475434667337773566777657677376747665457376645556735468675755647556774888568684877865486647868
5555447776845488766687568465557545458843764454545657635654643356743436737474645353637754456743335375436634575563378648575658765548486557755586648787756
7674675487766464887888586446448888843666337756563665677443475536443754434334574566467665533443645753573363434765554584568785674684756557487557777557478
8557745486854556575646587565464755346455635567664553547736447633765776335467544673735355663557543337553435345467474776446556465654857555468788488578876
7884666747685854746676747485455645466356367564456375364656655337354363554111111154645746377564564547563355674735556775885585777556747676668846587588787
7876465585567578457564865567656553735757777345333665535344747743645671111199999115775767337377357735573357535474535455655575886487658454544477577457858
756756684774477665764688675444644343667466445576363444653733375776473199911S999915677576557553647355555735644573437447773848686544654847587856446645856
8586868467456878748645875445545336436456476473533333675344373334555531999999999913353434647445374337353677454465363355473754444665845774746686864458768
4445488877677445444467548557547636736633776567566363446565536567653341999999999917475766533734453654435675644337376543675777758456845654757867564458487
7456578776858748655544457445566667475737543476353466574374654536337673546999999515744477347353764566375477735753335745763443646456448547865678885558854
7454546875674846787866654566354676575336736677776747354567466535473453676799997316445663736443735347463343553443674563636447463685857876887884468554655
7887667678566445875668753474746473444534764636367346364445763546733364465466366467535374375557656365477735444456746653536537743568876767868666748657858
7766785885748547856884535454557574736637376756353335454444564766457535765344437573666553734377736636666735366745463755465337754358486677454444785676657
8576886688488556546667667773643335366575466657635447775346367653774746764654473673446737345467577554476464565375453436567753455765466644886574576784747
7456464875674445746875456776434345433637355333755335565634353743366345535566436564437646374654775746545577675757535637575576765774685848756458574474864
6444666476745758888657655453477477565747474543663553674345466554563757676673447665677535356557566353564777545653366454464555455365658548787844755868474
8455677564786665665456664564533663737666464444635436573537754745643764753537576634354557354636636335763573346737767563536344446757763448855657767748744
5455454668654786735743336764763635377547443574675447366567753437434464473337475643337646347445747777533653437633663646745363577537656747674647754654585
5487477657767744357473466467356455777554756756634456374543763347334367573453276465657344356645376663555567363455665473543356337474443345546456466744664
4468868554778644337346734576443454633665653576354346545565453343755436625323546623222566473556664343566357354334767337367733754633635347445756858857788
7887867855547443454547665354736567336534765677374664456436576662545632322635452424632244634574677375747555646335563335635654773366755436356465684487675
8464768687446767675437353356773334344655463567457443536764242546653632256626346534225545632547366366777634374637433367636356345435444747474488644686758
6547564857647756535535465747457633463745476733376635745642252653266454566554635652523243523262554336656773745355453354557745373447554766637545778768476
4786478857663775676756437634446673375334535675347475565233634454424244235222523565224643626265546643775557336366656377735447667655474737555447455555454
7484755788875543734355334333576744775475777333557664633526252264245625232532336642554265552244423246345773765674753454456663563753434446775565575758467
6644864565647547664446475654334464336554736556346423646442356456463524533524255352355334635522353465566665756367636637747675475445763476443774868876674
4664747776365663644556456344357375747455766746642642223353666253223363255252625455546333623224333563462236435653363664337373753773747563745578556845764
5475856463666633533356754747656637353743353476565462454543246654224625533335453235652524256435543425646353467666646465777457635546456665774345566447587
7557655884473653637675443557573346544477556664445546462365323662536533523635655655542266653232442335526636637644745546757645673766657355543536847485745
4666844644745676433553563665635355573576767324326442462433633255253532343442452343432265254246355425435466233736465766636446464574546565766746767757865
4864584365747766747657353563675743537673776454345522464236332436456223333455346264632562335623543535545663646653554765366767444333753655667775448686744
6876548634567435434745434735775354734745466252456434636525625465446322234626566443225646466424544666442242463453735764655447437446544675444733467555874
8567456756565354566554456656464557667736422664532334535456242536645545442425246324666443456464364264224544236247447347446344433754577764775744636567555
6684884467466743343375647334643576337436625632334356654325645545665432334365344222263453664364552656324553622542337656555435574557676554565645757455875
7856674475535353777335556356476756345756243542252423225225226662336645245423563565524362323633665636463263535222333366445533466545647736474563333786586
6486543556534674775473465446476367356354422436645224632326452463356545555235436534665534524465324522426542243656244355765454565554466753547733354456675
8555477764455437666766767463674553465643366562463244334653434443234553653465225335665525335462252634633223353562225343764653556364455433563775443745476
6457773455337647333545637336754374334554653643464646245455626453322654426534522233524434636363442444536252344345253535347653435657747556655577557374775
8573333663574734663334764445474553626362425255563623626264226325234234462564534552245324334556435333425643244363533626445445675466767636354436454777665
6777644633667575775546457337654366623362452552456342324333322423666332336545635443226356224356554426645235224233642425436334453464675346377334656437564
7765775374644637333545446373535533362646662233425556244233522665443526634556234626466554653636543365333363635626554532674753337446533753467665574657785
5743433334656673436575446353446523253263435632652662226353452442326322462432254655565444444632452634534545534555445226474664335445455334445774734646676
5455377457544666733355557675343342436233456664233646345346334665555532246632263664455523344636533532362222522442454322345743435544754754376767544377557
8553635434457657374657577455644244343562253425425446236256443446564646436566632642424632523662666235333246342662526643455434476344554444434376467377534
8376563553773563347373477375376225533352543234366336634623543225354346545533356455525442552452635556542535334465654652425734736674733667744777474337678
5644553453373736575775534437643644624526355364236632224522326435566224542455224543325354444642346422555263454255562433632464437737463664677334733354745
3374645543746634475366665655743454663646345632343626422225655222443322353253345332222466254643232232446556655636654636323276466366647567555777653764635
6357373645736336674534573375432544363425326625522455564433342642254223335254234553423556625545264234653426264622335232332623466764656753333573637573343
3567433543446477445636445553565232332344422563263666222656343644452552443232455452435323564442622566433635463536353263642327467343547376345475634335775
5447647643775567547464557453642434333453553343364545323455242322353455345232242442322333254542235465322443344325323266536636334343553665473637575346437
5753645663765343736445565645452234445644646623334566435243222552223543222355555243343224232353246423655633436653642423435523337544463744676475735547633
7737667435377774534336553766354526564365243525242555254223434355442332422342353455422255524524362443443422535655565232423226676454646336345435335574345
5363353733574577456455454724644653324256456323624655424354353543542444442232342252553535343535654263525462235534443326263322565476466765736774775564444
4435767674375564335656336462444422652234226355226222444622543542445555523353335432532324522244434424343536342324246535252553447744774775544735546773763
4665373746636757556745665425323263353464566246535642666443342345223353343534352322422353433424526245554253446456644444643242666645544763637657343667633
5634577663333475677353744624345662654266234623443526532253425234354354552242542534225425435524554253325365252664562366263653226754574467633635667477376
6437674636745544667766533523453444564265264434566543325225335545234552452243252422252442244532544652263546334552262332535663436473574777737674763666546
6344644473574435767477745443646432652236445423554342335325425535343523454442244235442352334255553522624635356353364545455665624674674355665655766476575
3464347373335457453733544665352432554452433663625344252435533252342343255532545324444222424355253546653322642256256354444324423656673456453733546345357
6747765735333556437354533266435543654353354622544246344454332434354534434223523245225332325532543442222625332223635326233526235773444565764575534536553
4475566673376354337774365355325565425362433232665545443452534354523555333423524354233335333253542243442442553242336563623263663735743364373553373346763
3754673333677336764547526545526252434425346522656434343233434434322443544235545325332455522555322353332463523265224522524533232645564644744436656536365
4636764757536565655433466666255554625524654432435535244424352423234533432424434442552425555444334242624562262333424546342536445345634757765553355735567
5634643536546777776475466265322526523263325322532544243423355552222553543224255345424535255244222454523453446644225354245264333534564575774346555545773
6533655637343573744445524446523463556566656262224243242534532245432322355235325535225353535552255324562344342636445563633255233637555645343436737776643
3433563544474777467467342664225224654524523226345353522433325423442423532225543523344555345344352523345366543432442533342226243457746373344346475366375
5673334354473765337546336326435242465464543232543553443252533532522432433335234233553542442444344353546446356466542364623633644344633365774774765644637
6477674654677657474455352345662566462543342662335342544254422253345333232544525233425432454242523242554663556225562564654264245533773477777537456543636
7355737353774334676655554366632242433364436456453424533232425343352545425244223555535242555522432355426634633533525544236336443575633457376446434547365
3574743364647763465767536533525433532526654332234534445544425222442444345542354334322325545325552255345556623652466544223226256357447676653633575765433
7463664454636544656434344636566545442262432536552253444324533222423243543352524224333523435243245455333655522625522235436242264367454765637463544766765
763556476445377733453655233253435523665565252655243232524345534444352544535@344432525442433332352255522353243563335532624325444467777353533543574765755
5647457365377435767435655562356434664524362632242233454424444443254535223399952542352425552333542344325332222336436534443662226346346664635636433736456
6636456634554667637734543626245442644423334562562223553322222343532322543499935524552225225235343353446244423452222626656543365275344757447663765355667
5777676745757457436664342243232444225526445245652224425244233335543424533399952442523354345332545355242632533526645443523234433433655676577673464343475
6445764437445436473343354552252332333462633526322244352234434422423352323499934355445324525245435353346435625342265364562222262345654737733735556437436
3676657647455336347554636233463255545346664653563422244543324343422224253399952545553334554545222534344665555252525363365523566245376336473433657345573
5567736753764337663544642445222265232655226224344234355242433244442454224499925542252232534344242235464326354642646352554556544554446356774575765676734
4657755665355533655635564565446436565346353223646632542425334244244534535599942332552425422223222232442232454644424224466664262654653757343764733766757
6435676377367463476567634324224562533463232434255552332345354533343532423599943455225452432445245435366665565433456626523434265363357475564446363435573
7463776543433733645557362523256232234436633653253554454535452223334434555299933454342332324433343524364344524653452653224664536447674433477477373566446
5353336345636634546476456362254664225423355646344622443355324542522234255599933345324252254352545245225646642323262546243426422464336734747465557337735
4736765465534436543657543325424242645222554645442565552222525233422522535599922242234445433244542235623423533634262234424442362434376773573336455763567
4576577764535575347676554554535243424455255323446552522435322325523454325499943435542525552553535532653632536553324362344333662544364365766335467443543
4343747443733533665436466466436432352234364222633652235454334433554332534299942343522325225353243545563242224233464255452424624434654375335477457777553
4667664665776534364764434565363455566656552452344565323342353245534543554299935234324233344222524422525563252556222642344335465743443363466767333334335
4663666576636655764467365454646323432265534336644532435335434234435243333399955243523522545242242542326332635665346456635253634645466445735357376666377
4743534376343673353656366324352263633552625423362343453424545442524543332399952433332223352255233445233354345453355222336553256673375736355474646764365
5753757554676533577753347552236235244656365544455222435433324553422545535599942244354544452255346532434424264443224655422425536774765575433767747635374
3643443535446667766657366664544353565563635664666444265334354255533552255399955344532322235535442436366542242666342222252544644733635753737766476573744
4736444756645645777366554562324442365255625634623566463344542443345532344599945444322445322253655552252424264333654242536542633356675677467536744647355
4637663653644357367465654664465423632565644653656335456346433425424434233299942535524534343325543566454322264334233445252665435536746757464574555533463
5534557565566373543746363453345522625632633566345446536336453524325532255599933522434222245465544325242224324346333462425363567366757545757535445536364
4635353337747354754557445676456335435566422465455266325225655543435253343299922342525235236242222433525565564335554336333665765744773466474767534547473
3657576444777474377667455663463444332423344566523362322556253654254252433399942534545222254446354332352456356262242564222224766473743557547756653736743
5744554563547563337454347755544556452462325623325222525655255665522434235499954443242446534664456455633666366254462546424243753656456574573743556464736
5553556446343343555334636544534255426562553563446652423453562566243334324299953434532533253525463336323564663263434632346433447773463653673753364764546
4757666534376547364374755633562264443353623365422565532546346553532654243299935234426543543523344552542544555226544556455374444335437534356533553646563
7754674435634555636335377553374535566352556644445532532334335622564263365299926443343526322524636564344435362456423432645375334375577357533637434444634
4656547735534665554673355773355626354554634322236343446325665423655235355499945462466353442453442466543356645562423663252475375666547757747655573455454
4657575536477656357534644357463253452465642633654654265452223345224443552699962226344453436256534246636625332436246646635433445546357733635373375635767
8774554575355534477437576365763334653425635325654433266443656332533533656399925255462563243654446235362365265263252666464653577646643377356546353354555
6577363567666644347435566544473633654245225454525246252545452635244233453599924466352223326556345652563643645532655554376646647753777743656577756445358
5554545765454457534336735556547553332663636644424542436252656525454424646399934563525553452335623265323322523253263335547453665635543637376633565655556
4585447363473654754374347745367463464563633353353645553335522364364633646699935532554426422266364345653252536243334227337446677576654747535734464537448
5885577343773576354744746543566656424634562264432564363456455225322544426599935235526224536554263263564225653325235353345645744553647633474573663677554
8545456533475634475566746374743435356665365452446232645634655446245623443399952456333522426445564654454645255225562775364637553363477745756745534577666
7787854554643366336643534353744663644534223245353634256342335455563636363699962543452656354223354234246622653445255545465744433774553455654557574665556
5668847374773745337565453673363665347764355363325266665334235253522326435499962655242266342444432256624344532652574533634436744346636657573664675785487
4844774557763547657546766745363443557436263432635433664522662425265435452299925253432544635335532426266455554536454366743753353777733647346764554644484
5568767564767775644466476565755443535777655335253224356544425342222464253399962245335655644256435326366532334226675567677773536636755774557347436746866
4475755555665767377744634457546576757366536544633436323442564636256455542299945525332554242452455635654443662455545474635663567467647556775655544754858
4588754453474637547773747356636366777546435246623526546546435636254536256299953532535623232655642425425453333755536556453334543444444337775777648774587
4864586853537436553637576433473635335735536245324225365326224233646644533499922366436343454542534232422223644736437646644546476773473447465533776557786
5748488745776464737366755545376644566556463452463643243665236262326635223599934545554556552423625332533425236675476457736563775336737554753643757867646
8574786444556664667746736743445433464543745546555636353443433266256445346699925463636656266534366563436625533537345733564436777556335736647565858846748
4666855787644654444663365545744737455765574456732625342525225345255234533499934445642622645346555566225544746547774547464736577766734664334754456676787
4757864557534664546674366445353533537444756366643326636342322245254265645299945636364365544332546563243636754776733637575754356755664745346745748854646
4778566885676534746433336767446653446775354745646754426365563562643426365599935464644322524326456532367356565543776374767565763447677546344385744784477
5868445556755663754755343457436653453643365563753434754232424262423243222499954354562646244324322264737436446676657476733377553364364737655554854546845
5744766858475776557443434465474364565734477666733463364236464433534634343599966323565663252636656777657477577375755677343634347743446756354476486667744
5674567874648875334644364665473733375777376456754365736345244235246536643499944345445562325247345675665544635736446564666554675636357355358587486488475
4778675644557753447664365757466457453474367733634477477646447336342352432299925462546434326337463663364336374475677754363446745544463565776578866568878
5588445558885775765344455573575337543763635443677445643346376543625365242499923644664674753535675656546666546653556475467447564777764555857448667446864
6864584588855446643557633354673463436465773764575764444467433565436565766399977463753353734453653437567567643647656555665655654454647336666668846485665
5756684758856764564573746375545433447336377654465475754454666756464677666399934765477554766456365456764575634746333735433567637373743664586658558874767
6774684768687768567446447635647576373544765367673757376367774677567466753799944577354763453536646544455645373473544655745374753567353788545855448877757
6677656855447455455777757537557453355346454535354546735766567347734737364799953767337645355474465443547657477645564666444576337365366747758558777487576
4684784846886584768867434574637666664553465746756545533777477743466567546399966444344665556753663634657763367347463454364343333647675465555476668664655
8768867777448755676786465437744355546767757667644333457577665766767755747499963376644446564436777775757476744764773563575734536575586666574475475444745
8477874888747776478854765676537466443343577535635476734777437555377536476699955776733343355753646557747656536574746476536437473358546745584858757456855
5755688455885446787476837636756744674375636557665335437474665433637477367399977356765674443365445644377745453653464445773377563748545774688576448885487
5586558646644766774846855737544633343773437545467437434733463344743563443499957635563674645657344767454375475366364773457473366865755478575846885765857
4474465654775757777486548747434637674735747375653334775673565667733347464599954743474336753376777374475654643536553554667376585487744666768758744874665
5685674754668788454885464445644637436476355437463436556367667574445566553799947374443473363333746564464767755464357664775343564448774674768587778548764
4468566775476476445665885685754376475343657474764656465757673355766455547799957365637655674556363763355467673547543765766476657588754658747464547564486
8466555485687857884868677466864766544357454674647346544536777456435353356399947767434667463453377436637357465764343553435576477488766677857448455455848
5445675876688585568657547466754474543634653376547443366336465644755456634599946474553475545373333365775743676363573354336874658868555764764568454768774
6885877485858784686485664575585474637664537474447656443533333665346343636499936656563536737534567656763545756554454666875564867886557554488764747775458
6866885785686847657785864754745685345675346756745675355567757376665456335799976653447456677345356637546757776545754655544644658565548645844455684888677
8568684586687684677447886475675846464457337653545774544536666563467647536699934375644343336537363374745663465363347458754584678665565765644848574857885
6456646777754688554775644565657448786663653467744743647373433763653757357699937636637553636655634565745447455645786465565574856466745586878767866557784
7568775655866776784687667865445444576757733666754475535776455357337564675499963673756766347767473757735354447657865684858878774675477886477888468677567
4777457784874885446747684664878686885658653454353346435355666333776474747599955536436334673754577733336357773864576446588554767454858446664487854465684
4655654484557854844658468484586487585765685745635736456436573445555656576599935743375646775447677476643643345785555548868857474784578844684446466877864
4478877684787847474555554466477476764644446588777575676344756757775537467499975736767637665765536635566568577456574465548867486666566554748577556855777
6674666466786644778655854467474544885475556588767446647534373335764536577799964546336745664666437665634647775665857884848654678886667557668784687567766